1	0.4830571820023792	0.24	0.0022348570823669434
2	0.48586137442731997	0.25	0.00424478530883789
3	0.4881673639435416	0.25	0.0062449932098388675
4	0.4907454529684411	0.25	0.008237426280975341
5	0.493021796146188	0.25	0.010239708423614501
6	0.4953769815984234	0.25	0.012220458984375
7	0.4978190251139422	0.26	0.014209504127502442
8	0.5003009848225826	0.27	0.016205084323883057
9	0.5026860080421495	0.27	0.018179221153259276
10	0.5050070952947178	0.31	0.02015545129776001
11	0.5072100001180426	0.32	0.02214310884475708
12	0.5092559039596495	0.36	0.024130229949951173
13	0.5118471922203252	0.4	0.026112840175628663
14	0.5138812181008017	0.43	0.028090436458587647
15	0.5157853476952488	0.52	0.03007176160812378
16	0.5181292084556419	0.61	0.032050704956054686
17	0.5207808757731724	0.68	0.03402576684951782
18	0.5230068339454516	0.73	0.03601391077041626
19	0.5253043262824374	0.79	0.03801364183425903
20	0.5274516973608562	0.81	0.04001328468322754
21	0.5293183495013281	0.83	0.04201056957244873
22	0.5314712153041445	0.89	0.04400887012481689
23	0.5335667353322293	0.9	0.046009092330932616
24	0.5355274098672276	0.93	0.04802707672119141
25	0.537630757930018	0.96	0.05001803159713745
26	0.539625794171499	0.97	0.052025856971740725
27	0.5419189658645138	0.97	0.05400958776473999
28	0.5437911590880908	0.97	0.05599584817886352
29	0.5457975665226072	0.99	0.05798510551452637
30	0.5477184486000949	0.99	0.0599833083152771
31	0.549597045437992	0.99	0.06198113918304443
32	0.5516412315264262	0.99	0.06398655414581299
33	0.5535688945283104	1.0	0.0659866189956665
34	0.5554398797004615	1.0	0.06798567295074463
35	0.5575473007586663	1.0	0.06999022960662842
36	0.559379090561515	1.0	0.0719946002960205
37	0.5612775557452094	1.0	0.07399114370346069
38	0.5633643487766578	1.0	0.07600224494934082
39	0.5653223820847322	1.0	0.07799288034439086
40	0.5670788179241246	1.0	0.07998372077941894
41	0.5689617855598538	1.0	0.08198352336883545
42	0.5708495974217048	1.0	0.08397540330886841
43	0.5727958643934993	1.0	0.08597687482833863
44	0.5748159442298089	1.0	0.0880026364326477
45	0.576652714212318	1.0	0.09001284599304199
46	0.5784457963708614	1.0	0.09201381206512452
47	0.5800812186957901	1.0	0.09401187896728516
48	0.5821110527272897	1.0	0.0960348129272461
49	0.584030938193348	1.0	0.09804371595382691
50	0.5860994794733858	1.0	0.10004762411117554
51	0.58788164108668	1.0	0.10208299160003662
52	0.5895940179246061	1.0	0.10410119295120239
53	0.5913279921840128	1.0	0.10611862659454346
54	0.5930664230478208	1.0	0.10815305948257446
55	0.5950148570148447	1.0	0.11017033338546753
56	0.5969702617971719	1.0	0.1121955943107605
57	0.5987465107734277	1.0	0.11421743154525757
58	0.6007064054485363	1.0	0.116235511302948
59	0.6022388810085386	1.0	0.118257896900177
60	0.6041236698230394	1.0	0.12027155160903931
61	0.6058012503731969	1.0	0.12229759931564331
62	0.6077089639504825	1.0	0.12431792497634887
63	0.6095600520353863	1.0	0.1263296675682068
64	0.6114216878705878	1.0	0.12835374116897583
65	0.6133548279737312	1.0	0.13037225484848022
66	0.615017566841962	1.0	0.1324003505706787
67	0.6167164986363128	1.0	0.13442113637924194
68	0.6184036683302486	1.0	0.13643625736236573
69	0.6199606321892026	1.0	0.13845548629760743
70	0.6216285135290159	1.0	0.14046939849853515
71	0.6232829889570864	1.0	0.14249069213867188
72	0.6249214573967609	1.0	0.14452319383621215
73	0.6264123857797719	1.0	0.14654813528060914
74	0.6278167908351691	1.0	0.14861714363098144
75	0.6294686214484664	1.0	0.15064853429794312
76	0.6312293773722593	1.0	0.1526981282234192
77	0.6327707442062735	1.0	0.1547672414779663
78	0.6344578552245881	1.0	0.15679554939270018
79	0.6363066971949259	1.0	0.15883617162704466
80	0.6378812849040385	1.0	0.16087278604507446
81	0.6396299874251199	1.0	0.1629042673110962
82	0.6410573180734666	1.0	0.16493714332580567
83	0.6426438722961325	1.0	0.16696595668792724
84	0.6442128166015503	1.0	0.16900460958480834
85	0.6458916231955633	1.0	0.17103432178497313
86	0.6475504459282562	1.0	0.17307015180587768
87	0.6489807100302727	1.0	0.1751156258583069
88	0.6506330191139043	1.0	0.17717549324035645
89	0.6523037446546308	1.0	0.17925601005554198
90	0.653926241272	1.0	0.18135823488235472
91	0.6554646179265369	1.0	0.18352489709854125
92	0.6569012861605543	1.0	0.18562614679336548
93	0.6583584309145885	1.0	0.18780576944351196
94	0.6596970160477698	1.0	0.18989672660827636
95	0.6613080534186027	1.0	0.1919687271118164
96	0.6627925022599758	1.0	0.1940329170227051
97	0.6643589806431863	1.0	0.1960824465751648
98	0.6657814333729658	1.0	0.19812986612319947
99	0.6673007240338733	1.0	0.20021114110946656
100	0.6685763561904828	1.0	0.2023017954826355
101	0.6699234477165019	1.0	0.20438756227493285
102	0.671430976920333	1.0	0.20652832746505737
103	0.6728811083020729	1.0	0.2086545181274414
104	0.6743615646487445	1.0	0.21078728199005126
105	0.6757259347703353	1.0	0.2129624342918396
106	0.6773420227490778	1.0	0.2152213191986084
107	0.678796336829559	1.0	0.21733397483825684
108	0.6804911486054863	1.0	0.21959498882293702
109	0.681949600951095	1.0	0.22183146953582764
110	0.6833205369397851	1.0	0.22409869194030763
111	0.6846908834872595	1.0	0.22622040271759034
112	0.6861732526752384	1.0	0.22843243598937987
113	0.6875849897655152	1.0	0.23059552192687988
114	0.688977454999597	1.0	0.2327877402305603
115	0.6903608814346195	1.0	0.23484386444091798
116	0.6917340180792911	1.0	0.23686590909957886
117	0.6931335712874669	1.0	0.23887096881866454
118	0.6945867060705992	1.0	0.24089135169982911
119	0.6959630288255143	1.0	0.24291680812835692
120	0.6973799601424915	1.0	0.2449536442756653
121	0.6986645838034385	1.0	0.24697350978851318
122	0.7000751961112545	1.0	0.24900970697402955
123	0.7013913952345041	1.0	0.25101970911026
124	0.7028323094116563	1.0	0.2530347728729248
125	0.7040058212318725	1.0	0.25506145238876343
126	0.7054486393745941	1.0	0.2570655798912048
127	0.7068645860672162	1.0	0.25907188177108764
128	0.708134261156331	1.0	0.26108365058898925
129	0.7094626287168304	1.0	0.2630784964561462
130	0.7108126405295768	1.0	0.26507714509963987
131	0.7120743107567106	1.0	0.26707369089126587
132	0.7134645972956146	1.0	0.26906714677810667
133	0.7148541371558221	1.0	0.2710622501373291
134	0.7163425204605502	1.0	0.27305734157562256
135	0.717492162688507	1.0	0.27503912210464476
136	0.7188901255483708	1.0	0.27702166080474855
137	0.7201966594270427	1.0	0.2790099787712097
138	0.7215714600336335	1.0	0.28100390911102296
139	0.7229485049192818	1.0	0.282971088886261
140	0.7242009017713411	1.0	0.2849520015716553
141	0.7254439205839366	1.0	0.28694337368011474
142	0.7268182814549917	1.0	0.2889407229423523
143	0.7281273388267074	1.0	0.29092141628265383
144	0.7295155502969236	1.0	0.29289950370788576
145	0.7308365613060294	1.0	0.29487271308898927
146	0.7321294604482156	1.0	0.29684588193893435
147	0.7335258307215254	1.0	0.2988318943977356
148	0.7346935324066102	1.0	0.30080036163330076
149	0.7359233855981185	1.0	0.3027780961990356
150	0.7371433934126128	1.0	0.3047578573226929
151	0.7382709557537488	1.0	0.30672343730926516
152	0.7394677972405517	1.0	0.3087064814567566
153	0.7406642136962732	1.0	0.31069667100906373
154	0.7419304304992089	1.0	0.3126767635345459
155	0.7432352537819527	1.0	0.3146601939201355
156	0.7444373733983178	1.0	0.3166457056999207
157	0.7457429030748896	1.0	0.3186211705207825
158	0.7469330738997848	1.0	0.3206043791770935
159	0.7482349835252329	1.0	0.3225784182548523
160	0.7494547348312703	1.0	0.3245647311210632
161	0.75074333599636	1.0	0.32654906511306764
162	0.7518441533515194	1.0	0.328537118434906
163	0.7531031084403169	1.0	0.33053709745407106
164	0.7542330068831865	1.0	0.3325319266319275
165	0.7553123486005318	1.0	0.3345348072052002
166	0.756567728572245	1.0	0.33653839111328127
167	0.7577373056261191	1.0	0.33854079961776734
168	0.758909810805611	1.0	0.340528564453125
169	0.7599520165834973	1.0	0.34252047061920166
170	0.7611145598505676	1.0	0.34451425313949585
171	0.7623842598447754	1.0	0.3465024447441101
172	0.7635115118437118	1.0	0.34848881244659424
173	0.7647667335834606	1.0	0.3504720377922058
174	0.7659269076123861	1.0	0.35244778871536253
175	0.7670122256534505	1.0	0.3544377970695496
176	0.768124209331029	1.0	0.35641721010208127
177	0.7692439642951518	1.0	0.35839726448059084
178	0.7704382902330568	1.0	0.3603730034828186
179	0.771483497689402	1.0	0.3623543357849121
180	0.7724039933383182	1.0	0.3643313312530518
181	0.7735262541907507	1.0	0.36632015943527224
182	0.7746162404217185	1.0	0.36831568241119383
183	0.7756900528649937	1.0	0.3703023958206177
184	0.7768191653745403	1.0	0.3722891879081726
185	0.7779822941280998	1.0	0.3742753791809082
186	0.7789936561730622	1.0	0.3762569117546082
187	0.7800345071930583	1.0	0.3782386302947998
188	0.7810598266321053	1.0	0.3802263951301575
189	0.7820791861874571	1.0	0.3822219896316528
190	0.7832173221789599	1.0	0.3842076945304871
191	0.7842153561179096	1.0	0.3861877679824829
192	0.7853197713958215	1.0	0.38817271232604983
193	0.7863193984470793	1.0	0.3901758003234863
194	0.7873061736797585	1.0	0.39215598821640013
195	0.7883833249282175	1.0	0.3941707277297974
196	0.7892967201546094	1.0	0.39618131160736086
197	0.790278814669408	1.0	0.39817683935165404
198	0.7912217818373521	1.0	0.4001736927032471
199	0.7922322827133332	1.0	0.402190260887146
200	0.7931944772855596	1.0	0.4041908073425293
201	0.7941675924712339	1.0	0.4061862897872925
202	0.7951058433875987	1.0	0.40818507432937623
203	0.7959911902693859	1.0	0.4101821279525757
204	0.7969600765930338	1.0	0.4121872496604919
205	0.7980564580814911	1.0	0.4141912865638733
206	0.7990013047636427	1.0	0.4161850380897522
207	0.7998750665205021	1.0	0.4181852126121521
208	0.800829101039426	1.0	0.42018258094787597
209	0.8016670216929667	1.0	0.42217331171035766
210	0.8027092858710115	1.0	0.4241648817062378
211	0.8037353431441017	1.0	0.426147563457489
212	0.804693209154439	1.0	0.4281322956085205
213	0.8056521820072501	1.0	0.4301211547851562
214	0.8065519050999284	1.0	0.4321183705329895
215	0.8073812431364658	1.0	0.4341366052627563
216	0.8083317291701273	1.0	0.4361308813095093
217	0.8092547840815594	1.0	0.4381189560890198
218	0.8101522188743979	1.0	0.4401063895225525
219	0.8110653133702003	1.0	0.44209884643554687
220	0.8119683011750426	1.0	0.4440829372406006
221	0.812914304269788	1.0	0.44607398986816404
222	0.8138736951489254	1.0	0.44806077480316164
223	0.8148052950300751	1.0	0.4501152729988098
224	0.8156796148916711	1.0	0.4521439361572266
225	0.8165633004175622	1.0	0.4541542100906372
226	0.8173632859309913	1.0	0.45614478349685667
227	0.8182802432263095	1.0	0.45813416242599486
228	0.8191822068764661	1.0	0.46013025283813475
229	0.8200317757002459	1.0	0.46213689088821414
230	0.8208728111494783	1.0	0.46413119316101076
231	0.8217953073365125	1.0	0.46612958431243895
232	0.822603939521683	1.0	0.46812119483947756
233	0.8234292406172687	1.0	0.4701174020767212
234	0.8242642512777245	1.0	0.47209752559661866
235	0.8250398110105575	1.0	0.4740789985656738
236	0.8257659206848231	1.0	0.476067316532135
237	0.8266331692588227	1.0	0.47805616140365603
238	0.827455384774807	1.0	0.48004706144332887
239	0.8283178279828581	1.0	0.4820192170143127
240	0.8290372467613364	1.0	0.4840083050727844
241	0.8298056307553676	1.0	0.4860012817382813
242	0.8305483953064611	1.0	0.4879730534553528
243	0.8313628814234274	1.0	0.489947235584259
244	0.8320512816804301	1.0	0.49192812204360964
245	0.8328537098682056	1.0	0.4939216351509094
246	0.8336188423945947	1.0	0.49588963508605954
247	0.8344408474904497	1.0	0.49786627531051636
248	0.8352556403517346	1.0	0.499848473072052
249	0.8359799940729375	1.0	0.5018335771560669
250	0.8367629526039166	1.0	0.5038103294372559
251	0.8375827337932406	1.0	0.5058675694465637
252	0.8383781105428547	1.0	0.5078427386283875
253	0.8390288235472597	1.0	0.5101510143280029
254	0.8397582511712584	1.0	0.5123336815834045
255	0.840535594318148	1.0	0.5143522715568543
256	0.8411896808853758	1.0	0.5163463068008423
257	0.84185124155608	1.0	0.5183786821365356
258	0.8425627238532059	1.0	0.5203904032707214
259	0.8433304619778959	1.0	0.5224037265777588
260	0.8440589494402159	1.0	0.5243900990486146
261	0.8446850784830353	1.0	0.5263849639892578
262	0.8453942813041111	1.0	0.528366949558258
263	0.8461335072002848	1.0	0.5303529453277588
264	0.8468991208322895	1.0	0.532334361076355
265	0.8476123537289643	1.0	0.5343229913711548
266	0.8483106026972987	1.0	0.5363090538978577
267	0.8490863546429135	1.0	0.5383018755912781
268	0.8497907294580438	1.0	0.5402917623519897
269	0.8504092939563295	1.0	0.5422872638702393
270	0.8512067668316575	1.0	0.5442686772346497
271	0.8518401356681788	1.0	0.5462584233283997
272	0.8525452572960127	1.0	0.5482669043540954
273	0.8531675273231368	1.0	0.550254487991333
274	0.8538662728109107	1.0	0.5522532939910889
275	0.8545246501706552	1.0	0.5542612481117248
276	0.855122754504669	1.0	0.5562747573852539
277	0.8557576462714794	1.0	0.5582989645004273
278	0.856500407469721	1.0	0.5603378677368164
279	0.8571795274735738	1.0	0.5623949694633484
280	0.8578507537269231	1.0	0.5644229626655579
281	0.8584881013754366	1.0	0.5664631628990173
282	0.8591577359771904	1.0	0.5684785866737365
283	0.8598785651176489	1.0	0.5705125570297241
284	0.8604623171007766	1.0	0.5725057101249695
285	0.8610379496070987	1.0	0.5744980669021607
286	0.8617244857997683	1.0	0.5764868688583374
287	0.8623972309205442	1.0	0.5784815907478332
288	0.8630529485903854	1.0	0.5804625344276428
289	0.8637046120153623	1.0	0.5824440431594848
290	0.8643694944278159	1.0	0.5845177388191223
291	0.8649961720047776	1.0	0.5865123105049134
292	0.8656132921398505	1.0	0.5885110831260681
293	0.866338960424516	1.0	0.5905120277404785
294	0.866941597572019	1.0	0.592514591217041
295	0.8676112457014631	1.0	0.5945493173599243
296	0.8682313887167113	1.0	0.5965363407135009
297	0.868810982539382	1.0	0.5985281419754028
298	0.8693715286938812	1.0	0.6005170917510987
299	0.8700153262906306	1.0	0.6025066494941711
300	0.8706365716188624	1.0	0.6045248413085937
301	0.8712113711322587	1.0	0.6065211868286133
302	0.8718007348765434	1.0	0.6085161781311035
303	0.8724225660557504	1.0	0.6105183219909668
304	0.8730585716980265	1.0	0.6125250697135926
305	0.8736342051738201	1.0	0.6145059204101563
306	0.8743155004364347	1.0	0.6164925456047058
307	0.8749483864380558	1.0	0.618489727973938
308	0.8755045246189634	1.0	0.620486261844635
309	0.8760946687261544	1.0	0.6224938702583312
310	0.8767048113244372	1.0	0.6244828343391419
311	0.8772222889948115	1.0	0.6264846873283386
312	0.8778642650294414	1.0	0.6285013794898987
313	0.8784097875188368	1.0	0.6305090260505676
314	0.8790027573977675	1.0	0.632533028125763
315	0.879446154714263	1.0	0.6345367765426636
316	0.8800146396320703	1.0	0.6365463876724243
317	0.8806314003375377	1.0	0.638553855419159
318	0.8812307526329759	1.0	0.6405978584289551
319	0.8816930857004714	1.0	0.6425868892669677
320	0.8822049809946367	1.0	0.644583740234375
321	0.8827483312493327	1.0	0.6466123604774475
322	0.8833107022701009	1.0	0.6486705660820007
323	0.8838477976982301	1.0	0.6506666779518128
324	0.8843839353734179	1.0	0.652660768032074
325	0.884954565699863	1.0	0.654669303894043
326	0.8855216457257464	1.0	0.6566876435279846
327	0.8860682757924866	1.0	0.6587216305732727
328	0.8866574253776096	1.0	0.6607374715805053
329	0.8871722802377772	1.0	0.6627807426452637
330	0.8876446283590602	1.0	0.664792582988739
331	0.8881765287451409	1.0	0.6667988324165344
332	0.8887000674255177	1.0	0.6688002204895019
333	0.8892164073551737	1.0	0.670800108909607
334	0.8897054045247889	1.0	0.6727879500389099
335	0.8901736284771091	1.0	0.6747949314117432
336	0.8906967621447198	1.0	0.6767956161499024
337	0.8912046204816169	1.0	0.6788122200965881
338	0.8917713639117043	1.0	0.6808270740509034
339	0.8922336912468896	1.0	0.6828350782394409
340	0.8927106577994298	1.0	0.6848681426048279
341	0.8932179000051171	1.0	0.6868874573707581
342	0.893743056726515	1.0	0.6889187121391296
343	0.8942614425342568	1.0	0.6909226179122925
344	0.8947539433244256	1.0	0.6929318857192993
345	0.8952422817645654	1.0	0.6949247574806213
346	0.8956650272628554	1.0	0.6969136738777161
347	0.8961272389443752	1.0	0.6988933634757996
348	0.8965600286893196	1.0	0.7008868908882141
349	0.8970210176283705	1.0	0.7028945446014404
350	0.8975669533854067	1.0	0.7048879623413086
351	0.8980249137550093	1.0	0.706884663105011
352	0.8984784060050346	1.0	0.7088920664787293
353	0.898914931345438	1.0	0.7108938789367676
354	0.8993817816647263	1.0	0.7128954744338989
355	0.8997904751262138	1.0	0.7149032235145569
356	0.9002815956001866	1.0	0.7169056129455567
357	0.9006765159401003	1.0	0.7189050936698913
358	0.9011067910562335	1.0	0.7209227228164673
359	0.9015021499871344	1.0	0.7229257202148438
360	0.9018957058879293	1.0	0.7249464321136475
361	0.9023866621263447	1.0	0.7269541144371032
362	0.9028430195417849	1.0	0.7289447593688965
363	0.9033111837761767	1.0	0.7309317398071289
364	0.903763241296225	1.0	0.7329256391525268
365	0.9041630429547812	1.0	0.7349287486076355
366	0.9045891485495994	1.0	0.7369247674942017
367	0.9049932358464747	1.0	0.7389886069297791
368	0.9054365117910915	1.0	0.740995216369629
369	0.9058775114682405	1.0	0.7430281352996826
370	0.9062941557905232	1.0	0.7450958228111267
371	0.9066738986265235	1.0	0.747111644744873
372	0.9070593579213998	1.0	0.7491257286071777
373	0.907476513174375	1.0	0.7511499142646789
374	0.9079449751409903	1.0	0.7531494331359864
375	0.9083310284342971	1.0	0.7551451134681701
376	0.9087598220972477	1.0	0.7571377110481262
377	0.9091973089118055	1.0	0.7591398978233337
378	0.9096155562421693	1.0	0.7611423587799072
379	0.9100039210674035	1.0	0.7631334090232849
380	0.9103899249107963	1.0	0.765193612575531
381	0.9107839169656904	1.0	0.7672252917289734
382	0.911146491950879	1.0	0.7692290997505188
383	0.9115583691938851	1.0	0.7712411451339721
384	0.9120097293721647	1.0	0.7732368993759156
385	0.9124026381797705	1.0	0.7752232551574707
386	0.9127581364120476	1.0	0.7772227811813355
387	0.9131145628286277	1.0	0.7792069864273071
388	0.9135035023986724	1.0	0.7811997485160828
389	0.9138468383774953	1.0	0.7831783938407898
390	0.9142234549716648	1.0	0.7851573967933655
391	0.9145951714119667	1.0	0.7871399426460266
392	0.9149752426697505	1.0	0.7891239833831787
393	0.91535346933361	1.0	0.7911215329170227
394	0.9157366215859707	1.0	0.7931114387512207
395	0.9161201393118867	1.0	0.795092294216156
396	0.9165045140807977	1.0	0.7970726561546325
397	0.9169071993196085	1.0	0.7990537524223328
398	0.9172474327568106	1.0	0.801049976348877
399	0.9176016198618975	1.0	0.8030523920059204
400	0.9180010289257706	1.0	0.8050467801094056
401	0.9184164313634302	1.0	0.8070378470420837
402	0.9187754295456133	1.0	0.809013512134552
403	0.9191532057945787	1.0	0.8109993147850036
404	0.9195098029660272	1.0	0.812989616394043
405	0.9198831857555625	1.0	0.8149767303466797
406	0.9202330244788574	1.0	0.8169618701934814
407	0.9206162307352637	1.0	0.8189357614517212
408	0.9209607668171086	1.0	0.8209237122535705
409	0.9212663827132093	1.0	0.8229130864143371
410	0.9216139391860232	1.0	0.8248956871032714
411	0.9219846563738797	1.0	0.8268732523918152
412	0.9223467659791871	1.0	0.8288413071632386
413	0.9227114078601943	1.0	0.8308225011825562
414	0.9230875565932796	1.0	0.8328021097183228
415	0.9234401753287739	1.0	0.8348001527786255
416	0.9237544596167226	1.0	0.8367843151092529
417	0.924089949637962	1.0	0.8387682366371155
418	0.9244322482402941	1.0	0.8407448506355286
419	0.9248045552173194	1.0	0.8427331686019898
420	0.9251465572948828	1.0	0.8447157740592957
421	0.9254506780280422	1.0	0.8467181348800659
422	0.9257867498929054	1.0	0.848712010383606
423	0.9261318326375251	1.0	0.8507010316848755
424	0.9264341789761978	1.0	0.8526865386962891
425	0.9267550433310693	1.0	0.8546721196174621
426	0.9270828986419327	1.0	0.8566541171073914
427	0.9273959141749006	1.0	0.8586406087875367
428	0.9277218598448073	1.0	0.8606321859359741
429	0.9280206347647274	1.0	0.8626130676269531
430	0.9283416390055304	1.0	0.8646037459373475
431	0.9286095769544128	1.0	0.8665882611274719
432	0.9289145203391331	1.0	0.8685794711112976
433	0.9292406909415816	1.0	0.8705662202835083
434	0.9295612409220497	1.0	0.8725669169425965
435	0.929852143795523	1.0	0.8745533895492553
436	0.9301322397234104	1.0	0.8765422701835632
437	0.9304595141136862	1.0	0.8785375547409058
438	0.9307788985412482	1.0	0.8805267071723938
439	0.9310599392062175	1.0	0.8825273060798645
440	0.9313892516112358	1.0	0.8845357203483581
441	0.9316827206776391	1.0	0.8865208649635314
442	0.9319980565330716	1.0	0.8885403895378112
443	0.9323291618246665	1.0	0.8905286669731141
444	0.9326315966715037	1.0	0.8925221800804138
445	0.9329286308573588	1.0	0.8945103096961975
446	0.9332345620899922	1.0	0.8965053033828735
447	0.9335173609252191	1.0	0.8985051655769348
448	0.9337924466458815	1.0	0.900491099357605
449	0.9340988163373463	1.0	0.902484700679779
450	0.9343768023217643	1.0	0.9044830012321472
451	0.9346628243097261	1.0	0.9064745926856994
452	0.9349656924729628	1.0	0.9084567666053772
453	0.9352370397791059	1.0	0.9104494333267212
454	0.9354969441376718	1.0	0.912430715560913
455	0.9357802195076447	1.0	0.9144193625450134
456	0.9360405691403141	1.0	0.9164033770561218
457	0.936328858945741	1.0	0.9184647178649903
458	0.9366248746719333	1.0	0.9204549384117127
459	0.9369015394606361	1.0	0.9224436569213867
460	0.9371765113280756	1.0	0.9244527769088745
461	0.9374384524493304	1.0	0.9264402151107788
462	0.9377046559896293	1.0	0.9284258127212525
463	0.9379656193022632	1.0	0.9304233932495117
464	0.9382328480910261	1.0	0.9324328970909118
465	0.9385058966456851	1.0	0.934433240890503
466	0.9387820920656873	1.0	0.936430172920227
467	0.9390476128381856	1.0	0.9384151172637939
468	0.9393156064933289	1.0	0.9404274964332581
469	0.9395569628662516	1.0	0.9424574422836304
470	0.9398179530986245	1.0	0.9444584155082703
471	0.9400857282063544	1.0	0.9464751386642456
472	0.9403297168407388	1.0	0.9485533165931702
473	0.9405577407631945	1.0	0.9506368970870972
474	0.9408068280887371	1.0	0.9526195287704468
475	0.9410413615950869	1.0	0.9545975828170776
476	0.941293041601007	1.0	0.9565730261802673
477	0.9415173067151791	1.0	0.9585521292686462
478	0.9417784136379274	1.0	0.9605373525619507
479	0.9420307124276666	1.0	0.9625114536285401
480	0.9422791749910989	1.0	0.9646093678474427
481	0.9425546814855299	1.0	0.9666082119941711
482	0.9428181677998353	1.0	0.9686423373222351
483	0.9430712745403771	1.0	0.9707301926612854
484	0.9433125307635936	1.0	0.9728167819976806
485	0.9435438118124163	1.0	0.9747979998588562
486	0.9437801415049525	1.0	0.9767826914787292
487	0.9439956766244565	1.0	0.9787830662727356
488	0.9442320171372254	1.0	0.9807641911506653
489	0.9444431206338391	1.0	0.982754225730896
490	0.9446810184055046	1.0	0.984739146232605
491	0.944887664180931	1.0	0.986710877418518
492	0.9451194509821059	1.0	0.9886926436424255
493	0.9453706501273765	1.0	0.9906752920150756
494	0.9456279159372433	1.0	0.992653272151947
495	0.9458600927671238	1.0	0.9946324038505554
496	0.9461049152686333	1.0	0.9966969037055969
497	0.9463417627604876	1.0	0.9986713314056397
498	0.9465640861715593	1.0	1.0006424474716187
499	0.9468001669994018	1.0	1.0026588129997254
500	0.947042769663188	1.0	1.0046389055252076
