205 9.7 828.3 6.08
46 8.2 791.5 10.2
794 6.4 1057.8 9
325 8.1 803.0 13.08
500 6.2 1252.2 10.43
215 9.4 585.6 8.12
383 7.8 701.0 11.85
54 8.3 532.1 13.98
630 6.6 834.2 13
413 8.3 721.9 10.57
481 7.5 735.7 10.58
42 7.9 520.8 13.43
242 8.4 1028.4 8.07
164 8.5 417.1 11.28
462 8.0 749.7 10.93
560 7.6 902.0 9.67
4 8.4 823.6 7.47
622 7.2 1523.7 8.27
239 8.5 634.0 10.9
40 8.6 685.8 8.68
330 7.7 709.7 11.55
789 6.6 1402.6 12
450 8.0 1101.6 8.97
40 8.8 502.8 12.78
252 9.8 803.8 7.98
445 7.0 1004.4 8.38
60 8.8 564.3 13.5
58 8.9 589.2 13.3
36 9.3 555.8 13.3
49 9.4 583.8 13.4
84 9.2 469.2 11.7
120 10.1 706.0 7.07
363 8.8 876.0 6.68
290 7.7 901.7 8.52
412 7.5 965.2 9.48
80 10.0 515.9 12.32
21 9.4 752.5 6.53
45 8.3 662.7 10.68
15 8.4 535.8 11.18
62 10.2 680.6 7.13
875 6.8 888.9 8.33
5 9.1 784.4 6.73
373 8.3 625.5 9.63
1 8.8 709.7 8.47
9 8.1 856.5 9.7
607 5.9 1263.8 10.6
88 8.8 618.4 10.43
5 8.8 693.8 8.78
7 9.0 741.4 8.57
1142 2.9 1814.1 10.62
549 7.8 1258.3 11.93
310 7.8 908.8 9.78
340 8.1 804.1 9.32
77 7.8 850.0 9.93
68 9.2 644.8 9.08
39 8.9 656.2 10.02
396 7.9 752.4 12.67
418 7.9 700.7 12.87
566 6.2 1326.0 10.33
69 8.9 563.0 14.32
5 8.9 818.5 8.7
133 10.0 673.5 8.58
480 7.9 814.0 7.05
696 7.4 1503.5 8.48
97 8.5 559.8 13.57
677 7.0 819.4 8.5
227 8.9 666.7 13.75
192 8.3 1097.9 9.03
692 6.9 756.7 8.53
37 10.3 772.9 6.77
37 10.3 756.8 6.75
123 8.8 644.2 9.88
146 8.5 507.5 11.57
460 7.7 835.8 10.12
85 9.8 723.3 6.55
12 9.1 767.8 7.18
0 8.8 805.1 7.22
144 8.6 1200.2 7.42
705 6.8 942.3 9.3
600 6.8 1403.5 8.47
443.6 7.8 803.7 11.8
18 8.3 819.9 9.32
316 7.9 500.4 10.95
408 8.8 1096.7 9.53
270 8.6 701.4 11
234 10.1 680.6 7.65
150 9.6 931.4 6.97
1486 3.3 1909.2 8
1213 2.9 1117.7 12.95
45 8.2 918.9 9.42
112 9.7 657.8 8.58
125 9.7 648.6 8.67
48 8.7 527.4 14.53
481 9.1 962.6 7.93
2 8.4 809.2 9.23
797 6.6 1680.7 8.4
928 5.9 1190.4 8.25
523 6.7 701.1 11.03
394 9.1 1009.6 9.48
8 8.7 756.3 7.93
255 8.0 664.7 9.67
47 8.5 562.8 11.38
719 6.5 1363.5 11.05
118 9.9 548.1 7.95
35 8.6 523.4 12.15
311 7.8 591.5 12.12
90 10.0 666.6 8.52
186 9.1 652.6 8.68
2 8.5 791.0 9.42
238 8.2 656.7 14.95
173 8.7 644.9 9.95
58 8.1 566.3 12.1
27 8.3 703.0 10.67
6 8.1 565.0 13.4
40 7.8 603.0 12.33
42 8.7 713.9 8.22
1436 2.7 1443.6 13.13
55 7.9 482.7 13.93
300 7.4 1052.5 10.23
567 6.1 1280.7 10.33
93 9.1 450.8 11.95
11 8.6 770.3 9.98
22 9.4 783.6 9.97
18 9.0 790.4 10.12
59 8.9 655.6 9.67
269 8.5 811.1 10.53
404 6.8 552.6 11.13
111 10.6 726.7 8.65
500 6.8 879.3 10.12
496 7.7 860.9 7.98
4 9.1 718.6 7.88
140 8.9 608.0 11.02
2 8.2 836.6 9
77 9.3 817.6 8.68
350 8.5 1422.0 8.43
530 6.9 983.2 6.55
272 8.7 718.1 9.73
1053 5.9 1730.9 10.43
883 5.6 1405.8 8.1
1008 6.1 1434.0 8.15
567 6.4 742.0 11.87
242 7.7 756.0 9.47
977 6.5 1209.8 11
17 8.0 815.7 9.53
128 8.9 795.1 9.45
440 6.9 1028.1 9.53
1125 4.8 1930.8 8.2
438 7.6 872.0 11.67
3 8.2 864.0 9.05
37 7.8 809.9 9.13
712 6.8 1599.8 10.03
155 9.3 584.7 11.58
7 8.6 791.5 7.9
91 9.6 675.7 6.4
75 8.7 534.8 13.1
839 4.9 1475.9 8.48
270 9.4 655.6 7.73
505 7.3 860.1 6.52
487 6.7 807.9 10.13
374 7.8 715.1 11.28
112 10.3 770.3 8.35
231 8.5 698.4 9.43
585 7.4 971.9 10.85
705 6.9 1273.4 10.33
27 8.5 754.2 10.13
4 8.3 776.9 10.08
282 8.6 729.0 10.07
805 5.6 1005.1 8.43
46 9.6 754.1 6.08
973 6.2 899.4 8.75
92 9.6 803.0 7.15
754 6.6 1040.2 8.42
417 7.8 684.6 11.48
850 6.9 1401.2 11.03
443 9.2 849.0 9.18
776 6.5 1887.7 11.73
102 9.5 517.2 7.87
520 7.7 950.2 10.42
436 8.1 844.7 12.15
747 6.7 961.5 9.7
5 8.7 736.6 7.47
119 8.9 470.4 11.87
300 7.5 915.5 10.47
344.5 8.1 745.9 10.97
7 7.9 834.6 8.93
9 8.2 741.0 9.87
365 7.8 692.5 12.5
356 7.5 662.6 10.3
138 9.1 584.6 12.43
141 8.8 512.0 12.23
758 7.2 1024.3 9.52
818 6.1 1306.4 8.2
44 10.8 774.4 6.97
284 8.9 843.3 7.67
185 9.3 682.1 8.05
98 8.6 563.0 14.12
341 9.4 1090.0 8.78
22 9.4 798.9 7.3
157 8.9 913.6 8.83
92 9.3 796.4 8.38
26 8.4 745.3 8.4
22 9.0 815.0 7.75
161 8.6 795.9 9.6
5 8.1 685.5 10.7
17 8.6 545.2 11.13
444 7.9 1213.5 7.63
58 9.4 808.4 7.4
11 8.9 611.8 10.42
76 8.7 494.0 11.58
419 7.8 907.9 6.8
96 10.2 667.6 8.55
186 8.9 755.9 8.75
547 6.8 1168.7 7.95
450 6.9 660.9 10.37
77 8.0 594.8 13.03
313 7.7 972.8 12.92
621 7.5 1101.4 12.02
42 8.4 701.1 10.68
405 8.0 897.2 12.5
273 9.7 1006.1 7.63
63 8.3 531.0 14.12
515 8.1 958.9 11.5
528 7.8 966.9 11.7
515 9.1 974.4 11.53
62 9.2 756.8 7.58
81 7.9 536.1 13.18
111 9.8 661.6 7.08
500 7.2 803.8 9.4
26 8.4 874.5 9.97
38 8.5 510.9 12.8
125 10.1 554.2 8.17
64 8.0 584.2 13.08
26 9.0 703.6 9.2
425 8.0 648.3 10.5
11 9.0 769.3 7.15
627 6.7 871.6 6.95
314 8.8 644.2 11.05
280 8.8 809.3 9.32
490 7.7 1298.6 12.17
806 6.1 1831.3 10.27
276 9.1 841.3 9.52
110 10.3 677.1 8.75
150 8.6 570.4 13.08
95 9.1 856.0 8.05
409 8.0 936.6 13.47
435 7.6 682.7 10.85
246 9.1 780.4 8.73
386 7.5 581.1 12.12
24 8.4 654.3 10.4
81 8.7 589.8 13.05
40 7.9 607.8 13.47
123 8.8 437.8 11.13
1640 3.4 1971.6 12.68
109 9.6 874.2 7.17
366 8.2 641.8 12.1
470 8.0 1665.5 12.87
690 6.2 1715.4 12.45
131 9.7 921.1 7.98
287 10.0 1005.2 7.78
116 9.8 883.3 8.33
444 8.3 1091.2 12.12
4 8.4 589.0 12.07
87 9.0 839.6 8.15
747 6.8 1635.4 11.77
588 7.3 865.6 8.63
692 6.0 1837.3 12.65
320 8.9 862.9 7.1
193 10.4 820.7 7.02
333 7.2 944.6 10.53
135 9.2 798.3 8.75
795 6.2 1702.1 8.12
5 8.5 810.3 8.6
155 9.2 661.1 8.97
155 8.6 867.6 9.15
609 5.3 1275.3 10.63
43 8.0 925.7 9.53
170 9.2 565.5 7.75
993 5.6 1503.2 8.18
937 4.4 1288.3 10.77
635 7.4 1088.4 8.63
616 7.2 1463.2 12.98
265 8.2 954.0 9.12
504 6.2 1189.9 10.42
365 8.6 860.7 9.7
444 7.7 908.9 11.8
792 6.8 1364.5 10.72
59 8.4 620.3 11.38
21 8.5 541.0 11.72
186 8.5 858.7 10.18
611 6.2 831.3 12.17
360 8.0 944.2 13.02
77 8.4 811.2 9.83
365 7.4 742.7 9.92
147 8.8 687.9 9.95
87 8.9 471.3 12.1
734 6.8 1068.5 9.87
350 8.3 783.5 12.55
286 10.1 691.0 9.17
311 9.5 663.6 9.2
401 8.7 679.0 9.2
837 7.4 1570.4 11.75
46 8.1 544.0 12.62
61 8.8 539.7 12.05
396 8.4 1001.4 7.03
870 5.7 1246.5 8.18
846 5.6 1328.7 8.13
781 6.2 1936.4 8
640 7.2 1468.5 11.53
80 8.7 541.6 13
9 8.6 639.4 10.87
700 7.1 1557.1 8.23
144 9.9 754.1 6.63
265 9.1 784.3 6.65
490 8.7 904.9 9.18
50 8.5 622.4 10.52
571 7.9 748.3 9.95
471 8.0 938.8 9.4
291 8.2 766.1 11.07
240 8.2 509.7 11.4
51 8.8 803.5 8.3
223 10.1 686.6 7.63
176 8.4 823.9 9.57
380 8.1 784.8 8.35
940 5.6 1308.6 13.45
70 8.1 574.4 12.67
921 4.8 1083.8 9.93
438 7.4 684.5 12.18
470 7.5 787.7 11.68
146 9.6 623.6 6.78
553 7.8 585.4 8.12
440 8.7 981.5 9.62
219 9.6 757.7 9.28
422 8.1 665.0 10.95
1832 2.1 1713.8 12
140 9.1 713.3 9.53
3 8.3 571.2 11.05
142 9.8 636.3 8.25
740 7.2 1385.3 8.53
580 6.4 1225.7 8.6
681 5.9 1360.2 8.52
105 8.7 563.4 12.63
133 8.7 713.4 9.83
464 7.5 800.5 10.22
291 9.4 1286.9 8.23
1 8.4 792.8 8.57
268 9.1 602.2 9.95
877 4.3 976.7 13.75
2960 -4.8 2003.1 10.98
615 6.2 1026.6 13.2
