205 9.7 828.3
46 8.2 791.5
794 6.4 1057.8
325 8.1 803.0
500 6.2 1252.2
215 9.4 585.6
383 7.8 701.0
54 8.3 532.1
630 6.6 834.2
413 8.3 721.9
481 7.5 735.7
42 7.9 520.8
242 8.4 1028.4
164 8.5 417.1
462 8.0 749.7
560 7.6 902.0
4 8.4 823.6
622 7.2 1523.7
239 8.5 634.0
40 8.6 685.8
330 7.7 709.7
789 6.6 1402.6
450 8.0 1101.6
40 8.8 502.8
252 9.8 803.8
445 7.0 1004.4
60 8.8 564.3
58 8.9 589.2
36 9.3 555.8
49 9.4 583.8
84 9.2 469.2
120 10.1 706.0
363 8.8 876.0
290 7.7 901.7
412 7.5 965.2
80 10.0 515.9
21 9.4 752.5
45 8.3 662.7
15 8.4 535.8
62 10.2 680.6
875 6.8 888.9
5 9.1 784.4
373 8.3 625.5
1 8.8 709.7
9 8.1 856.5
607 5.9 1263.8
88 8.8 618.4
5 8.8 693.8
7 9.0 741.4
1142 2.9 1814.1
549 7.8 1258.3
310 7.8 908.8
340 8.1 804.1
77 7.8 850.0
68 9.2 644.8
39 8.9 656.2
396 7.9 752.4
418 7.9 700.7
566 6.2 1326.0
69 8.9 563.0
5 8.9 818.5
133 10.0 673.5
480 7.9 814.0
696 7.4 1503.5
97 8.5 559.8
677 7.0 819.4
227 8.9 666.7
192 8.3 1097.9
692 6.9 756.7
37 10.3 772.9
37 10.3 756.8
123 8.8 644.2
146 8.5 507.5
460 7.7 835.8
85 9.8 723.3
12 9.1 767.8
0 8.8 805.1
144 8.6 1200.2
705 6.8 942.3
600 6.8 1403.5
443.6 7.8 803.7
18 8.3 819.9
316 7.9 500.4
408 8.8 1096.7
270 8.6 701.4
234 10.1 680.6
150 9.6 931.4
1486 3.3 1909.2
1213 2.9 1117.7
45 8.2 918.9
112 9.7 657.8
125 9.7 648.6
48 8.7 527.4
481 9.1 962.6
2 8.4 809.2
797 6.6 1680.7
928 5.9 1190.4
523 6.7 701.1
394 9.1 1009.6
8 8.7 756.3
255 8.0 664.7
47 8.5 562.8
719 6.5 1363.5
118 9.9 548.1
35 8.6 523.4
311 7.8 591.5
90 10.0 666.6
186 9.1 652.6
2 8.5 791.0
238 8.2 656.7
173 8.7 644.9
58 8.1 566.3
27 8.3 703.0
6 8.1 565.0
40 7.8 603.0
42 8.7 713.9
1436 2.7 1443.6
55 7.9 482.7
300 7.4 1052.5
567 6.1 1280.7
93 9.1 450.8
11 8.6 770.3
22 9.4 783.6
18 9.0 790.4
59 8.9 655.6
269 8.5 811.1
404 6.8 552.6
111 10.6 726.7
500 6.8 879.3
496 7.7 860.9
4 9.1 718.6
140 8.9 608.0
2 8.2 836.6
77 9.3 817.6
350 8.5 1422.0
530 6.9 983.2
272 8.7 718.1
1053 5.9 1730.9
883 5.6 1405.8
1008 6.1 1434.0
567 6.4 742.0
242 7.7 756.0
977 6.5 1209.8
17 8.0 815.7
128 8.9 795.1
440 6.9 1028.1
1125 4.8 1930.8
438 7.6 872.0
3 8.2 864.0
37 7.8 809.9
712 6.8 1599.8
155 9.3 584.7
7 8.6 791.5
91 9.6 675.7
75 8.7 534.8
839 4.9 1475.9
270 9.4 655.6
505 7.3 860.1
487 6.7 807.9
374 7.8 715.1
112 10.3 770.3
231 8.5 698.4
585 7.4 971.9
705 6.9 1273.4
27 8.5 754.2
4 8.3 776.9
282 8.6 729.0
805 5.6 1005.1
46 9.6 754.1
973 6.2 899.4
92 9.6 803.0
754 6.6 1040.2
417 7.8 684.6
850 6.9 1401.2
443 9.2 849.0
776 6.5 1887.7
102 9.5 517.2
520 7.7 950.2
436 8.1 844.7
747 6.7 961.5
5 8.7 736.6
119 8.9 470.4
300 7.5 915.5
344.5 8.1 745.9
7 7.9 834.6
9 8.2 741.0
365 7.8 692.5
356 7.5 662.6
138 9.1 584.6
141 8.8 512.0
758 7.2 1024.3
818 6.1 1306.4
44 10.8 774.4
284 8.9 843.3
185 9.3 682.1
98 8.6 563.0
341 9.4 1090.0
22 9.4 798.9
157 8.9 913.6
92 9.3 796.4
26 8.4 745.3
22 9.0 815.0
161 8.6 795.9
5 8.1 685.5
17 8.6 545.2
444 7.9 1213.5
58 9.4 808.4
11 8.9 611.8
76 8.7 494.0
419 7.8 907.9
96 10.2 667.6
186 8.9 755.9
547 6.8 1168.7
450 6.9 660.9
77 8.0 594.8
313 7.7 972.8
621 7.5 1101.4
42 8.4 701.1
405 8.0 897.2
273 9.7 1006.1
63 8.3 531.0
515 8.1 958.9
528 7.8 966.9
515 9.1 974.4
62 9.2 756.8
81 7.9 536.1
111 9.8 661.6
500 7.2 803.8
26 8.4 874.5
38 8.5 510.9
125 10.1 554.2
64 8.0 584.2
26 9.0 703.6
425 8.0 648.3
11 9.0 769.3
627 6.7 871.6
314 8.8 644.2
280 8.8 809.3
490 7.7 1298.6
806 6.1 1831.3
276 9.1 841.3
110 10.3 677.1
150 8.6 570.4
95 9.1 856.0
409 8.0 936.6
435 7.6 682.7
246 9.1 780.4
386 7.5 581.1
24 8.4 654.3
81 8.7 589.8
40 7.9 607.8
123 8.8 437.8
1640 3.4 1971.6
109 9.6 874.2
366 8.2 641.8
470 8.0 1665.5
690 6.2 1715.4
131 9.7 921.1
287 10.0 1005.2
116 9.8 883.3
444 8.3 1091.2
4 8.4 589.0
87 9.0 839.6
747 6.8 1635.4
588 7.3 865.6
692 6.0 1837.3
320 8.9 862.9
193 10.4 820.7
333 7.2 944.6
135 9.2 798.3
795 6.2 1702.1
5 8.5 810.3
155 9.2 661.1
155 8.6 867.6
609 5.3 1275.3
43 8.0 925.7
170 9.2 565.5
993 5.6 1503.2
937 4.4 1288.3
635 7.4 1088.4
616 7.2 1463.2
265 8.2 954.0
504 6.2 1189.9
365 8.6 860.7
444 7.7 908.9
792 6.8 1364.5
59 8.4 620.3
21 8.5 541.0
186 8.5 858.7
611 6.2 831.3
360 8.0 944.2
77 8.4 811.2
365 7.4 742.7
147 8.8 687.9
87 8.9 471.3
734 6.8 1068.5
350 8.3 783.5
286 10.1 691.0
311 9.5 663.6
401 8.7 679.0
837 7.4 1570.4
46 8.1 544.0
61 8.8 539.7
396 8.4 1001.4
870 5.7 1246.5
846 5.6 1328.7
781 6.2 1936.4
640 7.2 1468.5
80 8.7 541.6
9 8.6 639.4
700 7.1 1557.1
144 9.9 754.1
265 9.1 784.3
490 8.7 904.9
50 8.5 622.4
571 7.9 748.3
471 8.0 938.8
291 8.2 766.1
240 8.2 509.7
51 8.8 803.5
223 10.1 686.6
176 8.4 823.9
380 8.1 784.8
940 5.6 1308.6
70 8.1 574.4
921 4.8 1083.8
438 7.4 684.5
470 7.5 787.7
146 9.6 623.6
553 7.8 585.4
440 8.7 981.5
219 9.6 757.7
422 8.1 665.0
1832 2.1 1713.8
140 9.1 713.3
3 8.3 571.2
142 9.8 636.3
740 7.2 1385.3
580 6.4 1225.7
681 5.9 1360.2
105 8.7 563.4
133 8.7 713.4
464 7.5 800.5
291 9.4 1286.9
1 8.4 792.8
268 9.1 602.2
877 4.3 976.7
2960 -4.8 2003.1
615 6.2 1026.6
