205 9.7 828.3 1552.0
46 8.2 791.5 1443.3
794 6.4 1057.8 1096.5
325 8.1 803.0 1571.7
500 6.2 1252.2 1368.0
215 9.4 585.6 1594.0
383 7.8 701.0 1590.5
54 8.3 532.1 1702.3
630 6.6 834.2 1432.6
413 8.3 721.9 1627.0
481 7.5 735.7 1642.1
42 7.9 520.8 1805.3
242 8.4 1028.4 1432.1
164 8.5 417.1 1459.1
462 8.0 749.7 1691.8
560 7.6 902.0 1651.2
4 8.4 823.6 1455.5
622 7.2 1523.7 1304.9
239 8.5 634.0 1563.3
40 8.6 685.8 1326.0
330 7.7 709.7 1491.6
789 6.6 1402.6 1390.7
450 8.0 1101.6 1527.8
40 8.8 502.8 1479.0
252 9.8 803.8 1668.4
445 7.0 1004.4 1277.2
60 8.8 564.3 1594.8
58 8.9 589.2 1624.9
36 9.3 555.8 1623.2
49 9.4 583.8 1673.5
84 9.2 469.2 1498.6
120 10.1 706.0 1358.5
363 8.8 876.0 1688.9
290 7.7 901.7 1412.9
412 7.5 965.2 1518.8
80 10.0 515.9 1483.6
21 9.4 752.5 1514.6
45 8.3 662.7 1615.3
15 8.4 535.8 1693.5
62 10.2 680.6 1461.3
875 6.8 888.9 1503.5
5 9.1 784.4 1661.5
373 8.3 625.5 1639.5
1 8.8 709.7 1426.5
9 8.1 856.5 1472.3
607 5.9 1263.8 1474.2
88 8.8 618.4 1514.3
5 8.8 693.8 1482.9
7 9.0 741.4 1480.2
1142 2.9 1814.1 1353.1
549 7.8 1258.3 1633.3
310 7.8 908.8 1492.1
340 8.1 804.1 1596.3
77 7.8 850.0 1420.6
68 9.2 644.8 1391.5
39 8.9 656.2 1470.6
396 7.9 752.4 1660.4
418 7.9 700.7 1532.6
566 6.2 1326.0 1337.9
69 8.9 563.0 1679.0
5 8.9 818.5 1635.8
133 10.0 673.5 1685.8
480 7.9 814.0 1633.6
696 7.4 1503.5 1540.9
97 8.5 559.8 1626.0
677 7.0 819.4 1697.0
227 8.9 666.7 1581.4
192 8.3 1097.9 1358.8
692 6.9 756.7 1641.9
37 10.3 772.9 1504.1
37 10.3 756.8 1473.4
123 8.8 644.2 1317.5
146 8.5 507.5 1504.0
460 7.7 835.8 1393.4
85 9.8 723.3 1495.7
12 9.1 767.8 1547.4
0 8.8 805.1 1512.0
144 8.6 1200.2 1367.1
705 6.8 942.3 1671.8
600 6.8 1403.5 1410.4
443.6 7.8 803.7 1659.9
18 8.3 819.9 1585.4
316 7.9 500.4 1588.3
408 8.8 1096.7 1554.8
270 8.6 701.4 1548.5
234 10.1 680.6 1668.2
150 9.6 931.4 1453.7
1486 3.3 1909.2 1641.2
1213 2.9 1117.7 1515.6
45 8.2 918.9 1482.9
112 9.7 657.8 1586.1
125 9.7 648.6 1515.3
48 8.7 527.4 1689.1
481 9.1 962.6 1731.1
2 8.4 809.2 1241.5
797 6.6 1680.7 1721.4
928 5.9 1190.4 1615.4
523 6.7 701.1 1521.5
394 9.1 1009.6 1691.0
8 8.7 756.3 1247.5
255 8.0 664.7 1368.0
47 8.5 562.8 1517.1
719 6.5 1363.5 1668.2
118 9.9 548.1 1587.0
35 8.6 523.4 1618.7
311 7.8 591.5 1601.9
90 10.0 666.6 1534.1
186 9.1 652.6 1504.2
2 8.5 791.0 1564.3
238 8.2 656.7 1649.1
173 8.7 644.9 1421.8
58 8.1 566.3 1610.7
27 8.3 703.0 1595.8
6 8.1 565.0 1739.0
40 7.8 603.0 1606.6
42 8.7 713.9 1435.4
1436 2.7 1443.6 1676.8
55 7.9 482.7 1704.0
300 7.4 1052.5 1291.4
567 6.1 1280.7 1328.9
93 9.1 450.8 1403.7
11 8.6 770.3 1557.0
22 9.4 783.6 1486.8
18 9.0 790.4 1454.0
59 8.9 655.6 1501.4
269 8.5 811.1 1358.8
404 6.8 552.6 1510.3
111 10.6 726.7 1550.9
500 6.8 879.3 1355.6
496 7.7 860.9 1394.7
4 9.1 718.6 1682.8
140 8.9 608.0 1372.6
2 8.2 836.6 1540.0
77 9.3 817.6 1471.1
350 8.5 1422.0 1313.3
530 6.9 983.2 1428.9
272 8.7 718.1 1385.4
1053 5.9 1730.9 1603.7
883 5.6 1405.8 1601.7
1008 6.1 1434.0 1765.3
567 6.4 742.0 1541.8
242 7.7 756.0 1254.0
977 6.5 1209.8 1820.3
17 8.0 815.7 1573.8
128 8.9 795.1 1273.2
440 6.9 1028.1 1335.1
1125 4.8 1930.8 1583.8
438 7.6 872.0 1734.6
3 8.2 864.0 1499.0
37 7.8 809.9 1505.1
712 6.8 1599.8 1667.4
155 9.3 584.7 1427.2
7 8.6 791.5 1506.3
91 9.6 675.7 1464.7
75 8.7 534.8 1672.8
839 4.9 1475.9 1353.5
270 9.4 655.6 1403.2
505 7.3 860.1 1527.8
487 6.7 807.9 1520.4
374 7.8 715.1 1505.8
112 10.3 770.3 1691.4
231 8.5 698.4 1448.3
585 7.4 971.9 1583.3
705 6.9 1273.4 1755.0
27 8.5 754.2 1626.5
4 8.3 776.9 1635.0
282 8.6 729.0 1452.0
805 5.6 1005.1 1461.3
46 9.6 754.1 1445.0
973 6.2 899.4 1857.5
92 9.6 803.0 1504.2
754 6.6 1040.2 1628.6
417 7.8 684.6 1620.0
850 6.9 1401.2 1683.9
443 9.2 849.0 1640.2
776 6.5 1887.7 1362.8
102 9.5 517.2 1512.3
520 7.7 950.2 1562.0
436 8.1 844.7 1703.5
747 6.7 961.5 1627.6
5 8.7 736.6 1543.0
119 8.9 470.4 1346.3
300 7.5 915.5 1337.4
344.5 8.1 745.9 1574.8
7 7.9 834.6 1549.9
9 8.2 741.0 1625.4
365 7.8 692.5 1659.9
356 7.5 662.6 1528.9
138 9.1 584.6 1465.8
141 8.8 512.0 1502.4
758 7.2 1024.3 1700.4
818 6.1 1306.4 1612.7
44 10.8 774.4 1426.8
284 8.9 843.3 1375.8
185 9.3 682.1 1428.1
98 8.6 563.0 1664.8
341 9.4 1090.0 1590.9
22 9.4 798.9 1460.2
157 8.9 913.6 1445.8
92 9.3 796.4 1446.3
26 8.4 745.3 1714.0
22 9.0 815.0 1355.7
161 8.6 795.9 1448.2
5 8.1 685.5 1619.2
17 8.6 545.2 1610.6
444 7.9 1213.5 1497.1
58 9.4 808.4 1426.4
11 8.9 611.8 1495.6
76 8.7 494.0 1608.5
419 7.8 907.9 1473.0
96 10.2 667.6 1673.2
186 8.9 755.9 1422.6
547 6.8 1168.7 1466.3
450 6.9 660.9 1487.7
77 8.0 594.8 1529.4
313 7.7 972.8 1555.2
621 7.5 1101.4 1530.7
42 8.4 701.1 1482.9
405 8.0 897.2 1639.7
273 9.7 1006.1 1563.9
63 8.3 531.0 1636.7
515 8.1 958.9 1707.1
528 7.8 966.9 1709.1
515 9.1 974.4 1681.2
62 9.2 756.8 1528.2
81 7.9 536.1 1647.9
111 9.8 661.6 1370.0
500 7.2 803.8 1323.0
26 8.4 874.5 1492.1
38 8.5 510.9 1583.3
125 10.1 554.2 1639.2
64 8.0 584.2 1669.6
26 9.0 703.6 1384.0
425 8.0 648.3 1336.4
11 9.0 769.3 1628.0
627 6.7 871.6 1540.9
314 8.8 644.2 1697.8
280 8.8 809.3 1459.9
490 7.7 1298.6 1493.8
806 6.1 1831.3 1596.2
276 9.1 841.3 1701.6
110 10.3 677.1 1634.0
150 8.6 570.4 1612.4
95 9.1 856.0 1433.4
409 8.0 936.6 1682.5
435 7.6 682.7 1365.3
246 9.1 780.4 1689.4
386 7.5 581.1 1424.4
24 8.4 654.3 1571.1
81 8.7 589.8 1692.2
40 7.9 607.8 1715.3
123 8.8 437.8 1432.3
1640 3.4 1971.6 1673.0
109 9.6 874.2 1459.4
366 8.2 641.8 1646.0
470 8.0 1665.5 1489.5
690 6.2 1715.4 1720.9
131 9.7 921.1 1536.2
287 10.0 1005.2 1716.0
116 9.8 883.3 1568.7
444 8.3 1091.2 1588.8
4 8.4 589.0 1686.5
87 9.0 839.6 1462.1
747 6.8 1635.4 1549.5
588 7.3 865.6 1682.0
692 6.0 1837.3 1158.7
320 8.9 862.9 1660.8
193 10.4 820.7 1393.8
333 7.2 944.6 1449.0
135 9.2 798.3 1450.9
795 6.2 1702.1 1524.0
5 8.5 810.3 1485.6
155 9.2 661.1 1592.3
155 8.6 867.6 1323.7
609 5.3 1275.3 1377.2
43 8.0 925.7 1598.3
170 9.2 565.5 1493.3
993 5.6 1503.2 1724.8
937 4.4 1288.3 1351.5
635 7.4 1088.4 1492.4
616 7.2 1463.2 1375.0
265 8.2 954.0 1313.4
504 6.2 1189.9 1485.4
365 8.6 860.7 1645.6
444 7.7 908.9 1432.8
792 6.8 1364.5 1600.9
59 8.4 620.3 1595.6
21 8.5 541.0 1529.6
186 8.5 858.7 1312.0
611 6.2 831.3 1354.0
360 8.0 944.2 1575.0
77 8.4 811.2 1524.6
365 7.4 742.7 1382.3
147 8.8 687.9 1306.0
87 8.9 471.3 1578.9
734 6.8 1068.5 1765.6
350 8.3 783.5 1621.2
286 10.1 691.0 1691.7
311 9.5 663.6 1692.2
401 8.7 679.0 1684.7
837 7.4 1570.4 1493.6
46 8.1 544.0 1607.2
61 8.8 539.7 1515.0
396 8.4 1001.4 1626.6
870 5.7 1246.5 1656.6
846 5.6 1328.7 1435.2
781 6.2 1936.4 1420.0
640 7.2 1468.5 1693.3
80 8.7 541.6 1639.4
9 8.6 639.4 1619.7
700 7.1 1557.1 1303.0
144 9.9 754.1 1264.5
265 9.1 784.3 1572.6
490 8.7 904.9 1697.1
50 8.5 622.4 1486.6
571 7.9 748.3 1698.9
471 8.0 938.8 1611.5
291 8.2 766.1 1561.2
240 8.2 509.7 1600.8
51 8.8 803.5 1373.0
223 10.1 686.6 1739.3
176 8.4 823.9 1262.0
380 8.1 784.8 1512.6
940 5.6 1308.6 1508.9
70 8.1 574.4 1607.9
921 4.8 1083.8 1552.2
438 7.4 684.5 1574.4
470 7.5 787.7 1679.5
146 9.6 623.6 1379.0
553 7.8 585.4 1602.8
440 8.7 981.5 1666.0
219 9.6 757.7 1638.7
422 8.1 665.0 1679.5
1832 2.1 1713.8 1675.6
140 9.1 713.3 1463.1
3 8.3 571.2 1740.7
142 9.8 636.3 1485.5
740 7.2 1385.3 1701.8
580 6.4 1225.7 1365.8
681 5.9 1360.2 1341.3
105 8.7 563.4 1630.3
133 8.7 713.4 1422.1
464 7.5 800.5 1611.5
291 9.4 1286.9 1422.0
1 8.4 792.8 1596.2
268 9.1 602.2 1565.4
877 4.3 976.7 1411.4
2960 -4.8 2003.1 1846.3
615 6.2 1026.6 1623.4
