205 9.7 6.08
46 8.2 10.2
794 6.4 9
325 8.1 13.08
500 6.2 10.43
215 9.4 8.12
383 7.8 11.85
54 8.3 13.98
630 6.6 13
413 8.3 10.57
481 7.5 10.58
42 7.9 13.43
242 8.4 8.07
164 8.5 11.28
462 8.0 10.93
560 7.6 9.67
4 8.4 7.47
622 7.2 8.27
239 8.5 10.9
40 8.6 8.68
330 7.7 11.55
789 6.6 12
450 8.0 8.97
40 8.8 12.78
252 9.8 7.98
445 7.0 8.38
60 8.8 13.5
58 8.9 13.3
36 9.3 13.3
49 9.4 13.4
84 9.2 11.7
120 10.1 7.07
363 8.8 6.68
290 7.7 8.52
412 7.5 9.48
80 10.0 12.32
21 9.4 6.53
45 8.3 10.68
15 8.4 11.18
62 10.2 7.13
875 6.8 8.33
5 9.1 6.73
373 8.3 9.63
1 8.8 8.47
9 8.1 9.7
607 5.9 10.6
88 8.8 10.43
5 8.8 8.78
7 9.0 8.57
1142 2.9 10.62
549 7.8 11.93
310 7.8 9.78
340 8.1 9.32
77 7.8 9.93
68 9.2 9.08
39 8.9 10.02
396 7.9 12.67
418 7.9 12.87
566 6.2 10.33
69 8.9 14.32
5 8.9 8.7
133 10.0 8.58
480 7.9 7.05
696 7.4 8.48
97 8.5 13.57
677 7.0 8.5
227 8.9 13.75
192 8.3 9.03
692 6.9 8.53
37 10.3 6.77
37 10.3 6.75
123 8.8 9.88
146 8.5 11.57
460 7.7 10.12
85 9.8 6.55
12 9.1 7.18
0 8.8 7.22
144 8.6 7.42
705 6.8 9.3
600 6.8 8.47
443.6 7.8 11.8
18 8.3 9.32
316 7.9 10.95
408 8.8 9.53
270 8.6 11
234 10.1 7.65
150 9.6 6.97
1486 3.3 8
1213 2.9 12.95
45 8.2 9.42
112 9.7 8.58
125 9.7 8.67
48 8.7 14.53
481 9.1 7.93
2 8.4 9.23
797 6.6 8.4
928 5.9 8.25
523 6.7 11.03
394 9.1 9.48
8 8.7 7.93
255 8.0 9.67
47 8.5 11.38
719 6.5 11.05
118 9.9 7.95
35 8.6 12.15
311 7.8 12.12
90 10.0 8.52
186 9.1 8.68
2 8.5 9.42
238 8.2 14.95
173 8.7 9.95
58 8.1 12.1
27 8.3 10.67
6 8.1 13.4
40 7.8 12.33
42 8.7 8.22
1436 2.7 13.13
55 7.9 13.93
300 7.4 10.23
567 6.1 10.33
93 9.1 11.95
11 8.6 9.98
22 9.4 9.97
18 9.0 10.12
59 8.9 9.67
269 8.5 10.53
404 6.8 11.13
111 10.6 8.65
500 6.8 10.12
496 7.7 7.98
4 9.1 7.88
140 8.9 11.02
2 8.2 9
77 9.3 8.68
350 8.5 8.43
530 6.9 6.55
272 8.7 9.73
1053 5.9 10.43
883 5.6 8.1
1008 6.1 8.15
567 6.4 11.87
242 7.7 9.47
977 6.5 11
17 8.0 9.53
128 8.9 9.45
440 6.9 9.53
1125 4.8 8.2
438 7.6 11.67
3 8.2 9.05
37 7.8 9.13
712 6.8 10.03
155 9.3 11.58
7 8.6 7.9
91 9.6 6.4
75 8.7 13.1
839 4.9 8.48
270 9.4 7.73
505 7.3 6.52
487 6.7 10.13
374 7.8 11.28
112 10.3 8.35
231 8.5 9.43
585 7.4 10.85
705 6.9 10.33
27 8.5 10.13
4 8.3 10.08
282 8.6 10.07
805 5.6 8.43
46 9.6 6.08
973 6.2 8.75
92 9.6 7.15
754 6.6 8.42
417 7.8 11.48
850 6.9 11.03
443 9.2 9.18
776 6.5 11.73
102 9.5 7.87
520 7.7 10.42
436 8.1 12.15
747 6.7 9.7
5 8.7 7.47
119 8.9 11.87
300 7.5 10.47
344.5 8.1 10.97
7 7.9 8.93
9 8.2 9.87
365 7.8 12.5
356 7.5 10.3
138 9.1 12.43
141 8.8 12.23
758 7.2 9.52
818 6.1 8.2
44 10.8 6.97
284 8.9 7.67
185 9.3 8.05
98 8.6 14.12
341 9.4 8.78
22 9.4 7.3
157 8.9 8.83
92 9.3 8.38
26 8.4 8.4
22 9.0 7.75
161 8.6 9.6
5 8.1 10.7
17 8.6 11.13
444 7.9 7.63
58 9.4 7.4
11 8.9 10.42
76 8.7 11.58
419 7.8 6.8
96 10.2 8.55
186 8.9 8.75
547 6.8 7.95
450 6.9 10.37
77 8.0 13.03
313 7.7 12.92
621 7.5 12.02
42 8.4 10.68
405 8.0 12.5
273 9.7 7.63
63 8.3 14.12
515 8.1 11.5
528 7.8 11.7
515 9.1 11.53
62 9.2 7.58
81 7.9 13.18
111 9.8 7.08
500 7.2 9.4
26 8.4 9.97
38 8.5 12.8
125 10.1 8.17
64 8.0 13.08
26 9.0 9.2
425 8.0 10.5
11 9.0 7.15
627 6.7 6.95
314 8.8 11.05
280 8.8 9.32
490 7.7 12.17
806 6.1 10.27
276 9.1 9.52
110 10.3 8.75
150 8.6 13.08
95 9.1 8.05
409 8.0 13.47
435 7.6 10.85
246 9.1 8.73
386 7.5 12.12
24 8.4 10.4
81 8.7 13.05
40 7.9 13.47
123 8.8 11.13
1640 3.4 12.68
109 9.6 7.17
366 8.2 12.1
470 8.0 12.87
690 6.2 12.45
131 9.7 7.98
287 10.0 7.78
116 9.8 8.33
444 8.3 12.12
4 8.4 12.07
87 9.0 8.15
747 6.8 11.77
588 7.3 8.63
692 6.0 12.65
320 8.9 7.1
193 10.4 7.02
333 7.2 10.53
135 9.2 8.75
795 6.2 8.12
5 8.5 8.6
155 9.2 8.97
155 8.6 9.15
609 5.3 10.63
43 8.0 9.53
170 9.2 7.75
993 5.6 8.18
937 4.4 10.77
635 7.4 8.63
616 7.2 12.98
265 8.2 9.12
504 6.2 10.42
365 8.6 9.7
444 7.7 11.8
792 6.8 10.72
59 8.4 11.38
21 8.5 11.72
186 8.5 10.18
611 6.2 12.17
360 8.0 13.02
77 8.4 9.83
365 7.4 9.92
147 8.8 9.95
87 8.9 12.1
734 6.8 9.87
350 8.3 12.55
286 10.1 9.17
311 9.5 9.2
401 8.7 9.2
837 7.4 11.75
46 8.1 12.62
61 8.8 12.05
396 8.4 7.03
870 5.7 8.18
846 5.6 8.13
781 6.2 8
640 7.2 11.53
80 8.7 13
9 8.6 10.87
700 7.1 8.23
144 9.9 6.63
265 9.1 6.65
490 8.7 9.18
50 8.5 10.52
571 7.9 9.95
471 8.0 9.4
291 8.2 11.07
240 8.2 11.4
51 8.8 8.3
223 10.1 7.63
176 8.4 9.57
380 8.1 8.35
940 5.6 13.45
70 8.1 12.67
921 4.8 9.93
438 7.4 12.18
470 7.5 11.68
146 9.6 6.78
553 7.8 8.12
440 8.7 9.62
219 9.6 9.28
422 8.1 10.95
1832 2.1 12
140 9.1 9.53
3 8.3 11.05
142 9.8 8.25
740 7.2 8.53
580 6.4 8.6
681 5.9 8.52
105 8.7 12.63
133 8.7 9.83
464 7.5 10.22
291 9.4 8.23
1 8.4 8.57
268 9.1 9.95
877 4.3 13.75
2960 -4.8 10.98
615 6.2 13.2
